   2.9436677e+00   5.6321295e-01
   2.9392676e+00   5.6321295e-01
   2.9348675e+00   5.6761306e-01
   2.9304674e+00   5.7201316e-01
   2.9260673e+00   5.7641326e-01
   2.9216672e+00   5.8081336e-01
   2.9172671e+00   5.8081336e-01
   2.9128670e+00   5.8521346e-01
   2.9084669e+00   5.8961356e-01
   2.9040668e+00   5.9401366e-01
   2.8996667e+00   5.9401366e-01
   2.8952666e+00   6.0281386e-01
   2.8908665e+00   6.0721397e-01
   2.8864664e+00   6.0721397e-01
   2.8820663e+00   6.1161407e-01
   2.8776662e+00   6.1601417e-01
   2.8732661e+00   6.1601417e-01
   2.8688660e+00   6.2041427e-01
   2.8644659e+00   6.2481437e-01
   2.8600658e+00   6.2921447e-01
   2.8556657e+00   6.3361457e-01
   2.8512656e+00   6.3801467e-01
   2.8468655e+00   6.3801467e-01
   2.8424654e+00   6.4241478e-01
   2.8380653e+00   6.4681488e-01
   2.8336652e+00   6.5121498e-01
   2.8292651e+00   6.5561508e-01
   2.8248650e+00   6.6001518e-01
   2.8204649e+00   6.6001518e-01
   2.8160648e+00   6.6441528e-01
   2.8116647e+00   6.6881538e-01
   2.8072646e+00   6.6881538e-01
   2.8028645e+00   6.7321548e-01
   2.7984644e+00   6.7761559e-01
   2.7940643e+00   6.8201569e-01
   2.7896642e+00   6.8641579e-01
   2.7852641e+00   6.9081589e-01
   2.7808640e+00   6.9521599e-01
   2.7764639e+00   6.9521599e-01
   2.7720638e+00   6.9961609e-01
   2.7676637e+00   7.0401619e-01
   2.7632636e+00   7.0841629e-01
   2.7588635e+00   7.1281639e-01
   2.7544634e+00   7.1281639e-01
   2.7500633e+00   7.1721650e-01
   2.7456632e+00   7.2161660e-01
   2.7412630e+00   7.2601670e-01
   2.7368629e+00   7.3041680e-01
   2.7324628e+00   7.3041680e-01
   2.7280627e+00   7.3481690e-01
   2.7236626e+00   7.3921700e-01
   2.7192625e+00   7.4361710e-01
   2.7148624e+00   7.4801720e-01
   2.7104623e+00   7.4801720e-01
   2.7060622e+00   7.5241731e-01
   2.7016621e+00   7.5681741e-01
   2.6972620e+00   7.6121751e-01
   2.6928619e+00   7.6121751e-01
   2.6884618e+00   7.6561761e-01
   2.6840617e+00   7.7001771e-01
   2.6796616e+00   7.7441781e-01
   2.6752615e+00   7.7881791e-01
   2.6708614e+00   7.8321801e-01
   2.6664613e+00   7.8321801e-01
   2.6620612e+00   7.8761812e-01
   2.6576611e+00   7.9201822e-01
   2.6532610e+00   7.9641832e-01
   2.6488609e+00   7.9641832e-01
   2.6444608e+00   8.0081842e-01
   2.6400607e+00   8.0521852e-01
   2.6356606e+00   8.0961862e-01
   2.6312605e+00   8.1401872e-01
   2.6268604e+00   8.1401872e-01
   2.6224603e+00   8.1841882e-01
   2.6180602e+00   8.2281892e-01
   2.6136601e+00   8.2281892e-01
   2.6092600e+00   8.2721903e-01
   2.6048599e+00   8.3161913e-01
   2.6004598e+00   8.3601923e-01
   2.5960597e+00   8.3601923e-01
   2.5916596e+00   8.4041933e-01
   2.5872595e+00   8.4481943e-01
   2.5828594e+00   8.4921953e-01
   2.5784593e+00   8.4921953e-01
   2.5740592e+00   8.5361963e-01
   2.5696591e+00   8.5801973e-01
   2.5652590e+00   8.6241984e-01
   2.5608589e+00   8.6681994e-01
   2.5564588e+00   8.6681994e-01
   2.5520587e+00   8.7122004e-01
   2.5476586e+00   8.7562014e-01
   2.5432585e+00   8.7562014e-01
   2.5388584e+00   8.8002024e-01
   2.5344583e+00   8.8442034e-01
   2.5300582e+00   8.8882044e-01
   2.5256581e+00   8.8882044e-01
   2.5212580e+00   8.9322054e-01
   2.5168579e+00   8.9762065e-01
   2.5124578e+00   9.0202075e-01
   2.5080577e+00   9.0202075e-01
   2.5036576e+00   9.0642085e-01
   2.4992575e+00   9.1082095e-01
   2.4948574e+00   9.1082095e-01
   2.4904573e+00   9.1522105e-01
   2.4860572e+00   9.1962115e-01
   2.4816571e+00   9.1962115e-01
   2.4772570e+00   9.2402125e-01
   2.4728569e+00   9.2842135e-01
   2.4684568e+00   9.2842135e-01
   2.4640567e+00   9.3282145e-01
   2.4596566e+00   9.3722156e-01
   2.4552565e+00   9.3722156e-01
   2.4508564e+00   9.4162166e-01
   2.4464563e+00   9.4162166e-01
   2.4420562e+00   9.4602176e-01
   2.4376561e+00   9.4602176e-01
   2.4332560e+00   9.5042186e-01
   2.4288559e+00   9.5482196e-01
   2.4244558e+00   9.5922206e-01
   2.4200557e+00   9.5922206e-01
   2.4156556e+00   9.6362216e-01
   2.4112555e+00   9.6802226e-01
   2.4068554e+00   9.6802226e-01
   2.4024553e+00   9.7242237e-01
   2.3980552e+00   9.7682247e-01
   2.3936551e+00   9.7682247e-01
   2.3892550e+00   9.8122257e-01
   2.3848549e+00   9.8562267e-01
   2.3804548e+00   9.8562267e-01
   2.3760546e+00   9.9002277e-01
   2.3716545e+00   9.9002277e-01
   2.3672544e+00   9.9442287e-01
   2.3628543e+00   9.9882297e-01
   2.3584542e+00   9.9882297e-01
   2.3540541e+00   1.0032231e+00
   2.3496540e+00   1.0076232e+00
   2.3452539e+00   1.0076232e+00
   2.3408538e+00   1.0120233e+00
   2.3364537e+00   1.0120233e+00
   2.3320536e+00   1.0164234e+00
   2.3276535e+00   1.0208235e+00
   2.3232534e+00   1.0208235e+00
   2.3188533e+00   1.0252236e+00
   2.3144532e+00   1.0252236e+00
   2.3100531e+00   1.0296237e+00
   2.3056530e+00   1.0340238e+00
   2.3012529e+00   1.0340238e+00
   2.2968528e+00   1.0384239e+00
   2.2924527e+00   1.0384239e+00
   2.2880526e+00   1.0428240e+00
   2.2836525e+00   1.0428240e+00
   2.2792524e+00   1.0472241e+00
   2.2748523e+00   1.0516242e+00
   2.2704522e+00   1.0516242e+00
   2.2660521e+00   1.0560243e+00
   2.2616520e+00   1.0560243e+00
   2.2572519e+00   1.0604244e+00
   2.2528518e+00   1.0604244e+00
   2.2484517e+00   1.0648245e+00
   2.2440516e+00   1.0648245e+00
   2.2396515e+00   1.0692246e+00
   2.2352514e+00   1.0736247e+00
   2.2308513e+00   1.0736247e+00
   2.2264512e+00   1.0780248e+00
   2.2220511e+00   1.0780248e+00
   2.2176510e+00   1.0824249e+00
   2.2132509e+00   1.0824249e+00
   2.2088508e+00   1.0868250e+00
   2.2044507e+00   1.0868250e+00
   2.2000506e+00   1.0912251e+00
   2.1956505e+00   1.0912251e+00
   2.1912504e+00   1.0956252e+00
   2.1868503e+00   1.0956252e+00
   2.1824502e+00   1.1000253e+00
   2.1780501e+00   1.1000253e+00
   2.1736500e+00   1.1044254e+00
   2.1692499e+00   1.1044254e+00
   2.1648498e+00   1.1088255e+00
   2.1604497e+00   1.1088255e+00
   2.1560496e+00   1.1132256e+00
   2.1516495e+00   1.1132256e+00
   2.1472494e+00   1.1176257e+00
   2.1428493e+00   1.1176257e+00
   2.1384492e+00   1.1176257e+00
   2.1340491e+00   1.1220258e+00
   2.1296490e+00   1.1220258e+00
   2.1252489e+00   1.1264259e+00
   2.1208488e+00   1.1264259e+00
   2.1164487e+00   1.1308260e+00
   2.1120486e+00   1.1308260e+00
   2.1076485e+00   1.1352261e+00
   2.1032484e+00   1.1352261e+00
   2.0988483e+00   1.1396262e+00
   2.0944482e+00   1.1396262e+00
   2.0900481e+00   1.1396262e+00
   2.0856480e+00   1.1440263e+00
   2.0812479e+00   1.1440263e+00
   2.0768478e+00   1.1484264e+00
   2.0724477e+00   1.1484264e+00
   2.0680476e+00   1.1528265e+00
   2.0636475e+00   1.1528265e+00
   2.0592474e+00   1.1572266e+00
   2.0548473e+00   1.1572266e+00
   2.0504472e+00   1.1572266e+00
   2.0460471e+00   1.1616267e+00
   2.0416470e+00   1.1616267e+00
   2.0372469e+00   1.1660268e+00
   2.0328468e+00   1.1660268e+00
   2.0284467e+00   1.1660268e+00
   2.0240466e+00   1.1704269e+00
   2.0196465e+00   1.1704269e+00
   2.0152464e+00   1.1748270e+00
   2.0108462e+00   1.1748270e+00
   2.0064461e+00   1.1748270e+00
   2.0020460e+00   1.1792271e+00
   1.9976459e+00   1.1792271e+00
   1.9932458e+00   1.1836272e+00
   1.9888457e+00   1.1836272e+00
   1.9844456e+00   1.1836272e+00
   1.9800455e+00   1.1880273e+00
   1.9756454e+00   1.1880273e+00
   1.9712453e+00   1.1880273e+00
   1.9668452e+00   1.1924274e+00
   1.9624451e+00   1.1924274e+00
   1.9580450e+00   1.1924274e+00
   1.9536449e+00   1.1968275e+00
   1.9492448e+00   1.1968275e+00
   1.9448447e+00   1.2012276e+00
   1.9404446e+00   1.2012276e+00
   1.9360445e+00   1.2012276e+00
   1.9316444e+00   1.2056277e+00
   1.9272443e+00   1.2056277e+00
   1.9228442e+00   1.2056277e+00
   1.9184441e+00   1.2100278e+00
   1.9140440e+00   1.2100278e+00
   1.9096439e+00   1.2100278e+00
   1.9052438e+00   1.2100278e+00
   1.9008437e+00   1.2144279e+00
   1.8964436e+00   1.2144279e+00
   1.8920435e+00   1.2144279e+00
   1.8876434e+00   1.2188280e+00
   1.8832433e+00   1.2188280e+00
   1.8788432e+00   1.2188280e+00
   1.8744431e+00   1.2232281e+00
   1.8700430e+00   1.2232281e+00
   1.8656429e+00   1.2232281e+00
   1.8612428e+00   1.2276282e+00
   1.8568427e+00   1.2276282e+00
   1.8524426e+00   1.2276282e+00
   1.8480425e+00   1.2320283e+00
   1.8436424e+00   1.2320283e+00
   1.8392423e+00   1.2320283e+00
   1.8348422e+00   1.2320283e+00
   1.8304421e+00   1.2364284e+00
   1.8260420e+00   1.2364284e+00
   1.8216419e+00   1.2364284e+00
   1.8172418e+00   1.2364284e+00
   1.8128417e+00   1.2408285e+00
   1.8084416e+00   1.2408285e+00
   1.8040415e+00   1.2408285e+00
   1.7996414e+00   1.2452286e+00
   1.7952413e+00   1.2452286e+00
   1.7908412e+00   1.2452286e+00
   1.7864411e+00   1.2452286e+00
   1.7820410e+00   1.2496287e+00
   1.7776409e+00   1.2496287e+00
   1.7732408e+00   1.2496287e+00
   1.7688407e+00   1.2496287e+00
   1.7644406e+00   1.2540288e+00
   1.7600405e+00   1.2540288e+00
   1.7556404e+00   1.2540288e+00
   1.7512403e+00   1.2540288e+00
   1.7468402e+00   1.2540288e+00
   1.7424401e+00   1.2584289e+00
   1.7380400e+00   1.2584289e+00
   1.7336399e+00   1.2584289e+00
   1.7292398e+00   1.2584289e+00
   1.7248397e+00   1.2584289e+00
   1.7204396e+00   1.2628290e+00
   1.7160395e+00   1.2628290e+00
   1.7116394e+00   1.2628290e+00
   1.7072393e+00   1.2628290e+00
   1.7028392e+00   1.2628290e+00
   1.6984391e+00   1.2672291e+00
   1.6940390e+00   1.2672291e+00
   1.6896389e+00   1.2672291e+00
   1.6852388e+00   1.2672291e+00
   1.6808387e+00   1.2672291e+00
   1.6764386e+00   1.2716292e+00
   1.6720385e+00   1.2716292e+00
   1.6676384e+00   1.2716292e+00
   1.6632383e+00   1.2716292e+00
   1.6588382e+00   1.2716292e+00
   1.6544381e+00   1.2760293e+00
   1.6500380e+00   1.2760293e+00
   1.6456378e+00   1.2760293e+00
   1.6412377e+00   1.2760293e+00
   1.6368376e+00   1.2760293e+00
   1.6324375e+00   1.2760293e+00
   1.6280374e+00   1.2804294e+00
   1.6236373e+00   1.2804294e+00
   1.6192372e+00   1.2804294e+00
   1.6148371e+00   1.2804294e+00
   1.6104370e+00   1.2804294e+00
   1.6060369e+00   1.2804294e+00
   1.6016368e+00   1.2804294e+00
   1.5972367e+00   1.2848296e+00
   1.5928366e+00   1.2848296e+00
   1.5884365e+00   1.2848296e+00
   1.5840364e+00   1.2848296e+00
   1.5796363e+00   1.2848296e+00
   1.5752362e+00   1.2848296e+00
   1.5708361e+00   1.2848296e+00
   1.5664360e+00   1.2848296e+00
   1.5620359e+00   1.2848296e+00
   1.5576358e+00   1.2892297e+00
   1.5532357e+00   1.2892297e+00
   1.5488356e+00   1.2892297e+00
   1.5444355e+00   1.2892297e+00
   1.5400354e+00   1.2892297e+00
   1.5356353e+00   1.2892297e+00
   1.5312352e+00   1.2892297e+00
   1.5268351e+00   1.2892297e+00
   1.5224350e+00   1.2892297e+00
   1.5180349e+00   1.2892297e+00
   1.5136348e+00   1.2892297e+00
   1.5092347e+00   1.2892297e+00
   1.5048346e+00   1.2936298e+00
   1.5004345e+00   1.2936298e+00
   1.4960344e+00   1.2936298e+00
   1.4916343e+00   1.2936298e+00
   1.4872342e+00   1.2936298e+00
   1.4828341e+00   1.2936298e+00
   1.4784340e+00   1.2936298e+00
   1.4740339e+00   1.2936298e+00
   1.4696338e+00   1.2936298e+00
   1.4652337e+00   1.2936298e+00
   1.4608336e+00   1.2936298e+00
   1.4564335e+00   1.2936298e+00
   1.4520334e+00   1.2936298e+00
   1.4476333e+00   1.2936298e+00
   1.4432332e+00   1.2936298e+00
   1.4388331e+00   1.2980299e+00
   1.4344330e+00   1.2980299e+00
   1.4300329e+00   1.2980299e+00
   1.4256328e+00   1.2980299e+00
   1.4212327e+00   1.2980299e+00
   1.4168326e+00   1.2980299e+00
   1.4124325e+00   1.2980299e+00
   1.4080324e+00   1.2980299e+00
   1.4036323e+00   1.2980299e+00
   1.3992322e+00   1.2980299e+00
   1.3948321e+00   1.2980299e+00
   1.3904320e+00   1.2980299e+00
   1.3860319e+00   1.2980299e+00
   1.3816318e+00   1.2980299e+00
   1.3772317e+00   1.2980299e+00
   1.3728316e+00   1.2980299e+00
   1.3684315e+00   1.2980299e+00
   1.3640314e+00   1.2980299e+00
   1.3596313e+00   1.2980299e+00
   1.3552312e+00   1.2980299e+00
   1.3508311e+00   1.2980299e+00
   1.3464310e+00   1.2980299e+00
   1.3420309e+00   1.2980299e+00
   1.3376308e+00   1.2936298e+00
   1.3332307e+00   1.2936298e+00
   1.3288306e+00   1.2936298e+00
   1.3244305e+00   1.2936298e+00
   1.3200304e+00   1.2936298e+00
   1.3156303e+00   1.2936298e+00
   1.3112302e+00   1.2936298e+00
   1.3068301e+00   1.2936298e+00
   1.3024300e+00   1.2936298e+00
   1.2980299e+00   1.2936298e+00
   1.2936298e+00   1.2936298e+00
   1.2892297e+00   1.2936298e+00
   1.2848296e+00   1.2936298e+00
   1.2804294e+00   1.2936298e+00
   1.2760293e+00   1.2936298e+00
   1.2716292e+00   1.2936298e+00
   1.2672291e+00   1.2936298e+00
   1.2628290e+00   1.2936298e+00
   1.2584289e+00   1.2892297e+00
   1.2540288e+00   1.2892297e+00
   1.2496287e+00   1.2892297e+00
   1.2452286e+00   1.2892297e+00
   1.2408285e+00   1.2892297e+00
   1.2364284e+00   1.2892297e+00
   1.2320283e+00   1.2892297e+00
   1.2276282e+00   1.2892297e+00
   1.2232281e+00   1.2892297e+00
   1.2188280e+00   1.2892297e+00
   1.2144279e+00   1.2892297e+00
   1.2100278e+00   1.2848296e+00
   1.2056277e+00   1.2848296e+00
   1.2012276e+00   1.2848296e+00
   1.1968275e+00   1.2848296e+00
   1.1924274e+00   1.2848296e+00
   1.1880273e+00   1.2848296e+00
   1.1836272e+00   1.2848296e+00
   1.1792271e+00   1.2848296e+00
   1.1748270e+00   1.2804294e+00
   1.1704269e+00   1.2804294e+00
   1.1660268e+00   1.2804294e+00
   1.1616267e+00   1.2804294e+00
   1.1572266e+00   1.2804294e+00
   1.1528265e+00   1.2804294e+00
   1.1484264e+00   1.2804294e+00
   1.1440263e+00   1.2760293e+00
   1.1396262e+00   1.2760293e+00
   1.1352261e+00   1.2760293e+00
   1.1308260e+00   1.2760293e+00
   1.1264259e+00   1.2760293e+00
   1.1220258e+00   1.2760293e+00
   1.1176257e+00   1.2716292e+00
   1.1132256e+00   1.2716292e+00
   1.1088255e+00   1.2716292e+00
   1.1044254e+00   1.2716292e+00
   1.1000253e+00   1.2716292e+00
   1.0956252e+00   1.2672291e+00
   1.0912251e+00   1.2672291e+00
   1.0868250e+00   1.2672291e+00
   1.0824249e+00   1.2672291e+00
   1.0780248e+00   1.2672291e+00
   1.0736247e+00   1.2628290e+00
   1.0692246e+00   1.2628290e+00
   1.0648245e+00   1.2628290e+00
   1.0604244e+00   1.2628290e+00
   1.0560243e+00   1.2628290e+00
   1.0516242e+00   1.2584289e+00
   1.0472241e+00   1.2584289e+00
   1.0428240e+00   1.2584289e+00
   1.0384239e+00   1.2584289e+00
   1.0340238e+00   1.2540288e+00
   1.0296237e+00   1.2540288e+00
   1.0252236e+00   1.2540288e+00
   1.0208235e+00   1.2540288e+00
   1.0164234e+00   1.2496287e+00
   1.0120233e+00   1.2496287e+00
   1.0076232e+00   1.2496287e+00
   1.0032231e+00   1.2496287e+00
   9.9882297e-01   1.2452286e+00
   9.9442287e-01   1.2452286e+00
   9.9002277e-01   1.2452286e+00
   9.8562267e-01   1.2452286e+00
   9.8122257e-01   1.2408285e+00
   9.7682247e-01   1.2408285e+00
   9.7242237e-01   1.2408285e+00
   9.6802226e-01   1.2408285e+00
   9.6362216e-01   1.2364284e+00
   9.5922206e-01   1.2364284e+00
   9.5482196e-01   1.2364284e+00
   9.5042186e-01   1.2320283e+00
   9.4602176e-01   1.2320283e+00
   9.4162166e-01   1.2320283e+00
   9.3722156e-01   1.2320283e+00
   9.3282145e-01   1.2276282e+00
   9.2842135e-01   1.2276282e+00
   9.2402125e-01   1.2232281e+00
   9.1962115e-01   1.2232281e+00
   9.1522105e-01   1.2232281e+00
   9.1082095e-01   1.2232281e+00
   9.0642085e-01   1.2188280e+00
   9.0202075e-01   1.2188280e+00
   8.9762065e-01   1.2188280e+00
   8.9322054e-01   1.2144279e+00
   8.8882044e-01   1.2144279e+00
   8.8442034e-01   1.2100278e+00
   8.8002024e-01   1.2100278e+00
   8.7562014e-01   1.2100278e+00
   8.7122004e-01   1.2100278e+00
   8.6681994e-01   1.2056277e+00
   8.6241984e-01   1.2056277e+00
   8.5801973e-01   1.2012276e+00
   8.5361963e-01   1.2012276e+00
   8.4921953e-01   1.2012276e+00
   8.4481943e-01   1.1968275e+00
   8.4041933e-01   1.1968275e+00
   8.3601923e-01   1.1924274e+00
   8.3161913e-01   1.1924274e+00
   8.2721903e-01   1.1924274e+00
   8.2281892e-01   1.1880273e+00
   8.1841882e-01   1.1880273e+00
   8.1401872e-01   1.1836272e+00
   8.0961862e-01   1.1836272e+00
   8.0521852e-01   1.1792271e+00
   8.0081842e-01   1.1792271e+00
   7.9641832e-01   1.1792271e+00
   7.9201822e-01   1.1748270e+00
   7.8761812e-01   1.1748270e+00
   7.8321801e-01   1.1704269e+00
   7.7881791e-01   1.1704269e+00
   7.7441781e-01   1.1660268e+00
   7.7001771e-01   1.1660268e+00
   7.6561761e-01   1.1660268e+00
   7.6121751e-01   1.1616267e+00
   7.5681741e-01   1.1616267e+00
   7.5241731e-01   1.1572266e+00
   7.4801720e-01   1.1572266e+00
   7.4361710e-01   1.1528265e+00
   7.3921700e-01   1.1528265e+00
   7.3481690e-01   1.1484264e+00
   7.3041680e-01   1.1484264e+00
   7.2601670e-01   1.1440263e+00
   7.2161660e-01   1.1440263e+00
   7.1721650e-01   1.1396262e+00
   7.1281639e-01   1.1396262e+00
   7.0841629e-01   1.1352261e+00
   7.0401619e-01   1.1352261e+00
   6.9961609e-01   1.1308260e+00
   6.9521599e-01   1.1308260e+00
   6.9081589e-01   1.1264259e+00
   6.8641579e-01   1.1264259e+00
   6.8201569e-01   1.1220258e+00
   6.7761559e-01   1.1176257e+00
   6.7321548e-01   1.1176257e+00
   6.6881538e-01   1.1132256e+00
   6.6441528e-01   1.1132256e+00
   6.6001518e-01   1.1088255e+00
   6.5561508e-01   1.1088255e+00
   6.5121498e-01   1.1044254e+00
   6.4681488e-01   1.1044254e+00
   6.4241478e-01   1.1000253e+00
   6.3801467e-01   1.1000253e+00
   6.3361457e-01   1.0956252e+00
   6.2921447e-01   1.0912251e+00
   6.2481437e-01   1.0912251e+00
   6.2041427e-01   1.0868250e+00
   6.1601417e-01   1.0824249e+00
   6.1161407e-01   1.0824249e+00
   6.0721397e-01   1.0780248e+00
   6.0281386e-01   1.0736247e+00
   5.9841376e-01   1.0736247e+00
   5.9401366e-01   1.0692246e+00
   5.8961356e-01   1.0692246e+00
   5.8521346e-01   1.0648245e+00
   5.8081336e-01   1.0604244e+00
   5.7641326e-01   1.0604244e+00
   5.7201316e-01   1.0560243e+00
   5.6761306e-01   1.0516242e+00
   5.6321295e-01   1.0516242e+00
   5.5881285e-01   1.0472241e+00
   5.5441275e-01   1.0428240e+00
   5.5001265e-01   1.0428240e+00
   5.4561255e-01   1.0384239e+00
   5.4121245e-01   1.0340238e+00
   5.3681235e-01   1.0340238e+00
   5.3241225e-01   1.0296237e+00
   5.2801214e-01   1.0252236e+00
   5.2361204e-01   1.0208235e+00
   5.1921194e-01   1.0164234e+00
   5.1481184e-01   1.0164234e+00
   5.1041174e-01   1.0120233e+00
   5.0601164e-01   1.0076232e+00
   5.0161154e-01   1.0076232e+00
   4.9721144e-01   1.0032231e+00
   4.9281133e-01   9.9882297e-01
   4.8841123e-01   9.9442287e-01
   4.8401113e-01   9.9002277e-01
   4.7961103e-01   9.9002277e-01
   4.7521093e-01   9.8562267e-01
   4.7081083e-01   9.8122257e-01
   4.6641073e-01   9.7682247e-01
   4.6201063e-01   9.7682247e-01
   4.5761053e-01   9.7242237e-01
   4.5321042e-01   9.6802226e-01
   4.4881032e-01   9.6362216e-01
   4.4441022e-01   9.5922206e-01
   4.4001012e-01   9.5482196e-01
   4.3561002e-01   9.5482196e-01
   4.3120992e-01   9.4602176e-01
   4.2680982e-01   9.4162166e-01
   4.2240972e-01   9.4162166e-01
   4.1800961e-01   9.3722156e-01
   4.1360951e-01   9.3282145e-01
   4.0920941e-01   9.2842135e-01
   4.0480931e-01   9.2402125e-01
   4.0040921e-01   9.1962115e-01
   3.9600911e-01   9.1522105e-01
   3.9160901e-01   9.1082095e-01
   3.8720891e-01   9.1082095e-01
   3.8280880e-01   9.0642085e-01
   3.7840870e-01   9.0202075e-01
   3.7400860e-01   8.9762065e-01
   3.6960850e-01   8.8882044e-01
   3.6520840e-01   8.8882044e-01
   3.6080830e-01   8.8002024e-01
   3.5640820e-01   8.7562014e-01
   3.5200810e-01   8.7562014e-01
   3.4760799e-01   8.7122004e-01
   3.4320789e-01   8.6681994e-01
   3.3880779e-01   8.5801973e-01
   3.3440769e-01   8.5361963e-01
   3.3000759e-01   8.4921953e-01
   3.2560749e-01   8.4041933e-01
   3.2120739e-01   8.3601923e-01
   3.1680729e-01   8.3161913e-01
   3.1240719e-01   8.2721903e-01
   3.0800708e-01   8.2281892e-01
   3.0360698e-01   8.1841882e-01
   2.9920688e-01   8.1401872e-01
   2.9480678e-01   8.0961862e-01
   2.9040668e-01   8.0521852e-01
   2.8600658e-01   8.0081842e-01
   2.8160648e-01   7.9201822e-01
   2.7720638e-01   7.8761812e-01
   2.7280627e-01   7.8321801e-01
   2.6840617e-01   7.7881791e-01
   2.6400607e-01   7.7001771e-01
   2.5960597e-01   7.6561761e-01
   2.5520587e-01   7.6121751e-01
   2.5080577e-01   7.5681741e-01
   2.4640567e-01   7.4801720e-01
   2.4200557e-01   7.4361710e-01
   2.3760546e-01   7.3481690e-01
   2.3320536e-01   7.3041680e-01
   2.2880526e-01   7.2161660e-01
   2.2440516e-01   7.1721650e-01
   2.2000506e-01   7.1281639e-01
   2.1560496e-01   7.0401619e-01
   2.1120486e-01   6.9961609e-01
   2.0680476e-01   6.9081589e-01
   2.0240466e-01   6.8641579e-01
   1.9800455e-01   6.7761559e-01
   1.9360445e-01   6.6881538e-01
   1.8920435e-01   6.6441528e-01
   1.8480425e-01   6.6001518e-01
   1.8040415e-01   6.5121498e-01
   1.7600405e-01   6.4241478e-01
   1.7160395e-01   6.3361457e-01
   1.6720385e-01   6.2921447e-01
   1.6280374e-01   6.2041427e-01
   1.5840364e-01   6.1161407e-01
   1.5400354e-01   6.0721397e-01
   1.4960344e-01   5.9841376e-01
   1.4520334e-01   5.8961356e-01
   1.4080324e-01   5.8081336e-01
   1.3640314e-01   5.7641326e-01
   1.3200304e-01   5.6321295e-01
   1.2760293e-01   5.5441275e-01
   1.2320283e-01   5.4561255e-01
   1.1880273e-01   5.4121245e-01
   1.1440263e-01   5.2801214e-01
   1.1000253e-01   5.1921194e-01
   1.0560243e-01   5.1041174e-01
   1.0120233e-01   4.9721144e-01
   9.6802226e-02   4.8841123e-01
   9.2402125e-02   4.7521093e-01
   8.8002024e-02   4.6641073e-01
   8.3601923e-02   4.5761053e-01
   7.9201822e-02   4.4881032e-01
   7.4801720e-02   4.3561002e-01
   7.0401619e-02   4.2240972e-01
   6.6001518e-02   4.1360951e-01
   6.1601417e-02   4.0040921e-01
   5.7201316e-02   3.8280880e-01
   5.2801214e-02   3.7400860e-01
   4.8401113e-02   3.6080830e-01
   4.4001012e-02   3.4320789e-01
   3.9600911e-02   3.2560749e-01
   3.5200810e-02   3.0800708e-01
   3.0800708e-02   2.9480678e-01
   2.6400607e-02   2.7720638e-01
   2.2000506e-02   2.5960597e-01
   1.7600405e-02   2.3320536e-01
   1.3200304e-02   2.1560496e-01
   8.8002024e-03   1.9800455e-01
   4.4001012e-03   1.5400354e-01
   0.0000000e+00   1.0560243e-01
